13467
13478
13479
13481
13483
13498
13502
13503
13505
13506
13507
13512
13513
13514
13555
13580
13657
13659
13662
13663
13666
13667
13668
13671
13676
13679
13692
13696
13704
13736
13809
13955
13964
14156
14174
14198
14232
14239
14240
14245
14275
14351
14358
14363
14374
14375
14387
14394
14395
14396
14397
14421
14422
14423
14425
14426
14493
14501
14523
14534
14556
14557
14562
14567
14623
14646
14648
14878
15020
15022
15091
15092
15117
15118
15134
15137
15144
15145
15161
15188
15190
15191
15193
15194
15195
15200
15203
15213
15214
15298
15300
15308
15319
15365
15382
15386
15418
15436
15437
15439
15440
15441
15449
15451
15453
15455
15463
15578
15579
15599
15609
15611
15612
15613
15614
15620
15626
15659
15672
15677
15678
15679
15680
15681
15685
15695
15755
15819
15832
15862
15866
15868
15870
15872
15919
15921
15922
15923
15924
15926
15929
15930
15939
15940
15942
15975
15976
16044
16045
16095
16145
16150
16156
16158
16161
16182
16203
1774
1786
204
2210
2214
2215
2216
3830
3832
4043
4044
4107
526
6727
682
725
7270
729
7599
7601
8639
8806
8814
9139
9441
9447
9503
9631
9693
9695
9696
9742
9743
9872
9891
9892
9900
9907
9919
9922
9923
9924
9925
9927
9931
9933
9934
9936
9940
