10050
10069
10270
10306
10335
10339
10340
10341
10441
10595
10618
10630
10740
10763
10765
10767
10772
10773
10790
10799
10867
10868
10877
10938
10941
11193
11362
11379
11485
11496
11497
11575
11576
11591
11639
11640
11645
11646
11677
11683
11707
11709
11710
11711
11717
11718
11719
11720
11721
11722
11723
11724
11732
11780
11838
11840
11846
11854
11857
11860
11862
11863
11894
11896
11931
11983
12007
12027
12030
12058
12082
12092
12117
12138
12139
12151
12161
12168
12193
12194
12204
12209
12219
12244
12245
12317
12324
12343
12373
12406
12407
12410
12424
12433
12448
12481
12514
12528
12552
12555
12577
12584
12596
12598
12606
12622
12743
12745
12746
12747
12751
12754
12760
12773
12778
12779
12782
12790
12791
12794
12796
12798
12800
12826
12866
12870
12875
12903
12914
12933
12938
13005
13071
13115
13124
13133
13146
13203
13205
13206
13217
13223
13225
13232
13249
13253
13263
13268
13271
13315
13320
13325
13326
13333
13334
13335
13336
13338
13339
13340
13345
13350
13353
13357
13358
13371
13374
13384
13467
13478
13479
13481
13483
13498
13502
13503
13505
13506
13507
13512
13513
13514
13555
13580
13657
13659
13662
13663
13666
13667
13668
13671
13676
13679
13692
13696
13704
13736
13809
13955
13964
14156
14174
14198
14232
14239
14240
14245
14275
14351
14358
14363
14374
14375
14387
14394
14395
14396
14397
14421
14422
14423
14425
14426
14493
14501
14523
14534
14556
14557
14562
14567
14623
14646
14648
14878
15020
15022
15091
15092
15117
15118
15134
15137
15144
15145
15161
15188
15190
15191
15193
15194
15195
15200
15203
15213
15214
15298
15300
15308
15319
15365
15382
15386
15418
15436
15437
15439
15440
15441
15449
15451
15453
15455
15463
15578
15579
15599
15609
15611
15612
15613
15614
15620
15626
15659
15672
15677
15678
15679
15680
15681
15685
15695
15755
15819
15832
15862
15866
15868
15870
15872
15919
15921
15922
15923
15924
15926
15929
15930
15939
15940
15942
15975
15976
16044
16045
16095
16145
16150
16156
16158
16161
16182
16203
1774
1786
204
2210
2214
2215
2216
3830
3832
4043
4044
4107
526
6727
682
725
7270
729
7599
7601
8639
8806
8814
9139
9441
9447
9503
9631
9693
9695
9696
9742
9743
9872
9891
9892
9900
9907
9919
9922
9923
9924
9925
9927
9931
9933
9934
9936
9940
14214
14359
10071
10073
11438
11445
11457
11487
11638
11864
12022
12274
12783
12931
13013
13015
13197
13490
13492
13494
13631
14111
1418
1422
1439
1440
14439
1448
1466
15398
1555
1565
1566
157
1572
1574
1583
1591
15931
1594
1595
1596
1599
1602
1609
1639
164
1640
165
1673
1689
1759
1772
1816
1900
2178
3137
3397
4190
4351
6548
6640
6660
6664
6776
6820
7005
798
804
808
809
812
8268
8269
9297
9313
959
1000
1001
1002
1003
10055
10061
1010
1013
10160
10165
1019
1020
1021
1022
10254
10259
1034
10377
10385
10389
10399
10400
10402
10403
10404
10405
10407
10408
10410
10411
10412
10447
10449
10453
10482
10527
10541
10544
10565
10567
10582
1059
10625
10632
10633
10635
10636
10643
10733
1079
1093
1100
11457
1147
1148
1154
1155
1156
1159
1160
1165
1166
1167
1168
1176
11762
1195
1198
12054
12121
12164
12165
12273
125
1261
1262
1263
1269
12741
12742
12764
12780
12793
1280
12830
1284
13077
1314
1328
1333
1334
1335
1336
13530
13531
13612
13623
1373
13961
1400
14112
14197
14359
14544
1480
1483
1484
1485
1486
1490
1493
1496
1497
150
1509
151
1512
1515
1539
1541
15435
1559
1562
1575
1576
1578
1585
166
1666
1667
1684
1701
1793
1802
1812
1813
1820
1833
1835
1839
1842
1845
1846
1865
1895
1910
1911
1912
1913
1923
1928
1954
2036
2059
2072
2076
2116
2146
2165
2171
2184
2191
2192
2197
2198
2199
2206
2208
226
2448
2451
2463
2467
2468
2469
2473
2519
2520
2526
2538
2543
2544
2547
2551
2554
2559
2570
2576
2578
2584
2590
2592
26
2610
2644
2668
2669
2675
2686
2694
2695
2697
2715
2720
2723
2726
2727
2729
2740
2747
2757
2758
2796
2797
28
2801
2802
2813
2822
2824
2831
2832
2836
2863
2865
2866
2867
2870
2880
2882
2884
2899
2901
2902
2918
2924
2925
2975
2976
2981
2995
2998
3039
3064
3087
3103
3188
3208
3212
3241
3243
3270
3272
3273
3275
3278
3280
3322
3324
3337
3353
3379
3380
3381
3388
3428
3436
3446
3453
3487
3504
3510
3511
3513
3514
3515
3518
3521
3523
3526
3528
3536
3537
3539
3541
3542
3551
3554
3560
3561
3565
3568
3580
3600
3630
3675
3687
3688
3699
3716
3717
3719
3723
3724
3725
3726
3764
3765
3772
3773
3778
3780
3799
3800
3801
3812
3817
3818
3824
3827
3828
3831
3839
3847
3848
3855
3898
3904
3905
3906
3924
3936
3941
3947
3948
3954
4007
4024
4026
4034
4039
4042
4045
4055
4057
4058
4060
4061
4071
4072
4073
4096
4097
4098
4099
4100
4101
4102
4103
4104
4105
4106
4108
4119
4120
4121
4122
4124
4126
4132
4133
4144
4147
4148
4150
4151
4152
4153
4154
4157
4160
4161
4167
4169
4176
4179
4180
4183
4188
4191
4192
4193
4194
4200
4201
4204
4207
4216
4217
4218
4220
4231
4238
4242
4247
4248
4249
4250
4277
4287
4293
4304
4333
4342
4362
4367
4376
4385
4390
4403
4410
4411
4424
4425
4442
4446
4468
4475
4484
4486
4511
4525
4526
4528
4541
4552
4583
4592
4593
4598
4599
4621
4622
4650
4652
4681
4686
4690
4692
4708
4709
4715
4722
4725
4729
4745
4746
4756
4757
4758
4759
4760
4761
4776
4789
4790
4886
4891
495
4953
4963
4964
4971
4972
4983
5007
5008
5011
5020
503
5039
5040
5053
5056
5101
5108
5109
511
5134
5142
5147
5160
5169
5259
5260
527
5273
5277
5280
5299
5344
5354
5366
5370
5371
5378
5379
5380
5382
5384
5386
5395
5401
5412
5413
5426
5427
5429
5430
5431
5432
5433
5436
5437
5444
5446
5451
5452
5455
5456
5470
5478
5479
5495
5504
5518
5520
5524
5525
5601
5602
5603
5606
5607
5608
5609
5610
5612
5614
5634
5635
565
566
569
5711
5720
5742
5800
5829
5838
5894
5965
6022
6028
6038
6053
6082
6118
612
616
617
6210
6215
6286
6342
656
6589
6598
662
6622
6633
6637
6640
6657
6685
670
6756
6757
6776
6880
6881
6888
6973
6976
6982
7005
7006
7008
7094
7111
7112
7114
7116
7118
7119
7140
7162
7183
7184
7186
7187
7217
7227
7234
7235
7236
7241
7257
7259
7262
7265
7267
727
728
7284
7293
7297
7298
7299
7300
7302
7352
7354
7356
7360
7366
7371
7373
7374
7376
7379
7386
7387
7390
7395
7397
7398
7408
7423
7432
7437
7480
749
7493
7511
7512
7523
7565
7567
7579
7582
7599
7601
7616
7618
7624
7640
7679
7680
7692
7693
7702
7708
7790
7869
7881
7887
792
7920
7929
7930
7931
794
7942
7946
7947
7966
7976
7978
7984
7987
7992
7994
8036
8057
8058
8083
8108
8113
813
817
8174
8186
8188
8194
8196
8219
8221
8222
8223
8227
8230
8249
8250
826
8272
8296
8317
8318
8369
8371
8377
8414
8419
8423
848
8483
8485
849
8494
8495
8504
8579
8622
8633
8635
8636
8637
867
868
8683
8755
8757
8768
8769
8771
8780
8788
8790
8791
8795
8796
8809
8817
8840
8847
8848
8849
8850
8851
8852
8859
8864
8865
8867
8868
8872
8885
8888
8889
8890
8897
8898
8904
8907
8908
8909
8921
8927
8940
8960
8963
8967
8977
8984
8985
8986
8987
8989
8991
9013
9016
9030
9033
9035
9039
9041
9046
9050
9053
9064
9066
9069
9080
9081
9082
9083
9084
9085
9086
9087
9088
9091
9092
9093
9094
9097
9120
9124
9125
9138
9154
9157
9158
9169
9177
9180
9181
919
9190
9262
927
9295
930
9317
9318
9328
9329
9337
9398
940
9434
9445
9470
9481
9482
9486
9489
949
9491
9492
9510
9514
9515
9516
9517
9532
9536
9538
9539
9597
9653
9659
9660
9674
9691
9707
9741
9744
9745
9746
9748
9751
9752
9763
9848
985
9857
988
9886
990
9908
9920
9928
9938
994
9969
997
11005
11006
12904
13114
13674
1764
1773
1782
1797
1798
1834
1850
1851
1855
1875
1881
1922
2548
7847
9475
